1.0000E+09
9.5499E+08
9.1201E+08
8.7096E+08
8.3176E+08
7.9433E+08
7.5858E+08
7.2444E+08
6.9183E+08
6.6069E+08
6.3096E+08
6.0256E+08
5.7544E+08
5.4954E+08
5.2481E+08
5.0119E+08
4.7863E+08
4.5709E+08
4.3652E+08
4.1687E+08
3.9811E+08
3.8019E+08
3.6308E+08
3.4674E+08
3.3113E+08
3.1623E+08
3.0200E+08
2.8840E+08
2.7542E+08
2.6303E+08
2.5119E+08
2.3988E+08
2.2909E+08
2.1878E+08
2.0893E+08
1.9953E+08
1.9055E+08
1.8197E+08
1.7378E+08
1.6596E+08
1.5849E+08
1.5136E+08
1.4454E+08
1.3804E+08
1.3183E+08
1.2589E+08
1.2023E+08
1.1482E+08
1.0965E+08
1.0471E+08
1.0000E+08
9.5499E+07
9.1201E+07
8.7096E+07
8.3176E+07
7.9433E+07
7.5858E+07
7.2444E+07
6.9183E+07
6.6069E+07
6.3096E+07
6.0256E+07
5.7544E+07
5.4954E+07
5.2481E+07
5.0119E+07
4.7863E+07
4.5709E+07
4.3652E+07
4.1687E+07
3.9811E+07
3.8019E+07
3.6308E+07
3.4674E+07
3.3113E+07
3.1623E+07
3.0200E+07
3.0000E+07
2.9800E+07
2.9600E+07
2.9400E+07
2.9200E+07
2.9000E+07
2.8800E+07
2.8600E+07
2.8400E+07
2.8200E+07
2.8000E+07
2.7800E+07
2.7600E+07
2.7400E+07
2.7200E+07
2.7000E+07
2.6800E+07
2.6600E+07
2.6400E+07
2.6200E+07
2.6000E+07
2.5800E+07
2.5600E+07
2.5400E+07
2.5200E+07
2.5000E+07
2.4800E+07
2.4600E+07
2.4400E+07
2.4200E+07
2.4000E+07
2.3800E+07
2.3600E+07
2.3400E+07
2.3200E+07
2.3000E+07
2.2800E+07
2.2600E+07
2.2400E+07
2.2200E+07
2.2000E+07
2.1800E+07
2.1600E+07
2.1400E+07
2.1200E+07
2.1000E+07
2.0800E+07
2.0600E+07
2.0400E+07
2.0200E+07
2.0000E+07
1.9800E+07
1.9600E+07
1.9400E+07
1.9200E+07
1.9000E+07
1.8800E+07
1.8600E+07
1.8400E+07
1.8200E+07
1.8000E+07
1.7800E+07
1.7600E+07
1.7400E+07
1.7200E+07
1.7000E+07
1.6800E+07
1.6600E+07
1.6400E+07
1.6200E+07
1.6000E+07
1.5800E+07
1.5600E+07
1.5400E+07
1.5200E+07
1.5000E+07
1.4800E+07
1.4600E+07
1.4400E+07
1.4200E+07
1.4000E+07
1.3800E+07
1.3600E+07
1.3400E+07
1.3200E+07
1.3000E+07
1.2800E+07
1.2600E+07
1.2400E+07
1.2200E+07
1.2000E+07
1.1800E+07
1.1600E+07
1.1400E+07
1.1200E+07
1.1000E+07
1.0800E+07
1.0600E+07
1.0400E+07
1.0200E+07
1.0000E+07
9.8000E+06
9.6000E+06
9.4000E+06
9.2000E+06
9.0000E+06
8.8000E+06
8.6000E+06
8.4000E+06
8.2000E+06
8.0000E+06
7.8000E+06
7.6000E+06
7.4000E+06
7.2000E+06
7.0000E+06
6.8000E+06
6.6000E+06
6.4000E+06
6.2000E+06
6.0000E+06
5.8000E+06
5.6000E+06
5.4000E+06
5.2000E+06
5.0000E+06
4.7863E+06
4.5709E+06
4.3652E+06
4.1687E+06
3.9811E+06
3.8019E+06
3.6308E+06
3.4674E+06
3.3113E+06
3.1623E+06
3.0200E+06
2.8840E+06
2.7542E+06
2.6303E+06
2.5119E+06
2.3988E+06
2.2909E+06
2.1878E+06
2.0893E+06
1.9953E+06
1.9055E+06
1.8197E+06
1.7378E+06
1.6596E+06
1.5849E+06
1.5136E+06
1.4454E+06
1.3804E+06
1.3183E+06
1.2589E+06
1.2023E+06
1.1482E+06
1.0965E+06
1.0471E+06
1.0000E+06
9.5499E+05
9.1201E+05
8.7096E+05
8.3176E+05
7.9433E+05
7.5858E+05
7.2444E+05
6.9183E+05
6.6069E+05
6.3096E+05
6.0256E+05
5.7544E+05
5.4954E+05
5.2481E+05
5.0119E+05
4.7863E+05
4.5709E+05
4.3652E+05
4.1687E+05
3.9811E+05
3.8019E+05
3.6308E+05
3.4674E+05
3.3113E+05
3.1623E+05
3.0200E+05
2.8840E+05
2.7542E+05
2.6303E+05
2.5119E+05
2.3988E+05
2.2909E+05
2.1878E+05
2.0893E+05
1.9953E+05
1.9055E+05
1.8197E+05
1.7378E+05
1.6596E+05
1.5849E+05
1.5136E+05
1.4454E+05
1.3804E+05
1.3183E+05
1.2589E+05
1.2023E+05
1.1482E+05
1.0965E+05
1.0471E+05
1.0000E+05
9.5499E+04
9.1201E+04
8.7096E+04
8.3176E+04
7.9433E+04
7.5858E+04
7.2444E+04
6.9183E+04
6.6069E+04
6.3096E+04
6.0256E+04
5.7544E+04
5.4954E+04
5.2481E+04
5.0119E+04
4.7863E+04
4.5709E+04
4.3652E+04
4.1687E+04
3.9811E+04
3.8019E+04
3.6308E+04
3.4674E+04
3.3113E+04
3.1623E+04
3.0200E+04
2.8840E+04
2.7542E+04
2.6303E+04
2.5119E+04
2.3988E+04
2.2909E+04
2.1878E+04
2.0893E+04
1.9953E+04
1.9055E+04
1.8197E+04
1.7378E+04
1.6596E+04
1.5849E+04
1.5136E+04
1.4454E+04
1.3804E+04
1.3183E+04
1.2589E+04
1.2023E+04
1.1482E+04
1.0965E+04
1.0471E+04
1.0000E+04
9.5499E+03
9.1201E+03
8.7096E+03
8.3176E+03
7.9433E+03
7.5858E+03
7.2444E+03
6.9183E+03
6.6069E+03
6.3096E+03
6.0256E+03
5.7544E+03
5.4954E+03
5.2481E+03
5.0119E+03
4.7863E+03
4.5709E+03
4.3652E+03
4.1687E+03
3.9811E+03
3.8019E+03
3.6308E+03
3.4674E+03
3.3113E+03
3.1623E+03
3.0200E+03
2.8840E+03
2.7542E+03
2.6303E+03
2.5119E+03
2.3988E+03
2.2909E+03
2.1878E+03
2.0893E+03
1.9953E+03
1.9055E+03
1.8197E+03
1.7378E+03
1.6596E+03
1.5849E+03
1.5136E+03
1.4454E+03
1.3804E+03
1.3183E+03
1.2589E+03
1.2023E+03
1.1482E+03
1.0965E+03
1.0471E+03
1.0000E+03
9.5499E+02
9.1201E+02
8.7096E+02
8.3176E+02
7.9433E+02
7.5858E+02
7.2444E+02
6.9183E+02
6.6069E+02
6.3096E+02
6.0256E+02
5.7544E+02
5.4954E+02
5.2481E+02
5.0119E+02
4.7863E+02
4.5709E+02
4.3652E+02
4.1687E+02
3.9811E+02
3.8019E+02
3.6308E+02
3.4674E+02
3.3113E+02
3.1623E+02
3.0200E+02
2.8840E+02
2.7542E+02
2.6303E+02
2.5119E+02
2.3988E+02
2.2909E+02
2.1878E+02
2.0893E+02
1.9953E+02
1.9055E+02
1.8197E+02
1.7378E+02
1.6596E+02
1.5849E+02
1.5136E+02
1.4454E+02
1.3804E+02
1.3183E+02
1.2589E+02
1.2023E+02
1.1482E+02
1.0965E+02
1.0471E+02
1.0000E+02
9.5499E+01
9.1201E+01
8.7096E+01
8.3176E+01
7.9433E+01
7.5858E+01
7.2444E+01
6.9183E+01
6.6069E+01
6.3096E+01
6.0256E+01
5.7544E+01
5.4954E+01
5.2481E+01
5.0119E+01
4.7863E+01
4.5709E+01
4.3652E+01
4.1687E+01
3.9811E+01
3.8019E+01
3.6308E+01
3.4674E+01
3.3113E+01
3.1623E+01
3.0200E+01
2.8840E+01
2.7542E+01
2.6303E+01
2.5119E+01
2.3988E+01
2.2909E+01
2.1878E+01
2.0893E+01
1.9953E+01
1.9055E+01
1.8197E+01
1.7378E+01
1.6596E+01
1.5849E+01
1.5136E+01
1.4454E+01
1.3804E+01
1.3183E+01
1.2589E+01
1.2023E+01
1.1482E+01
1.0965E+01
1.0471E+01
1.0000E+01
9.9750E+00
9.9500E+00
9.9250E+00
9.9000E+00
9.8750E+00
9.8500E+00
9.8250E+00
9.8000E+00
9.7750E+00
9.7500E+00
9.7250E+00
9.7000E+00
9.6750E+00
9.6500E+00
9.6250E+00
9.6000E+00
9.5750E+00
9.5500E+00
9.5250E+00
9.5000E+00
9.4750E+00
9.4500E+00
9.4250E+00
9.4000E+00
9.3750E+00
9.3500E+00
9.3250E+00
9.3000E+00
9.2750E+00
9.2500E+00
9.2250E+00
9.2000E+00
9.1750E+00
9.1500E+00
9.1250E+00
9.1000E+00
9.0750E+00
9.0500E+00
9.0250E+00
9.0000E+00
8.9750E+00
8.9500E+00
8.9250E+00
8.9000E+00
8.8750E+00
8.8500E+00
8.8250E+00
8.8000E+00
8.7750E+00
8.7500E+00
8.7250E+00
8.7000E+00
8.6750E+00
8.6500E+00
8.6250E+00
8.6000E+00
8.5750E+00
8.5500E+00
8.5250E+00
8.5000E+00
8.4750E+00
8.4500E+00
8.4250E+00
8.4000E+00
8.3750E+00
8.3500E+00
8.3250E+00
8.3000E+00
8.2750E+00
8.2500E+00
8.2250E+00
8.2000E+00
8.1750E+00
8.1500E+00
8.1250E+00
8.1000E+00
8.0750E+00
8.0500E+00
8.0250E+00
8.0000E+00
7.9750E+00
7.9500E+00
7.9250E+00
7.9000E+00
7.8750E+00
7.8500E+00
7.8250E+00
7.8000E+00
7.7750E+00
7.7500E+00
7.7250E+00
7.7000E+00
7.6750E+00
7.6500E+00
7.6250E+00
7.6000E+00
7.5750E+00
7.5500E+00
7.5250E+00
7.5000E+00
7.4750E+00
7.4500E+00
7.4250E+00
7.4000E+00
7.3750E+00
7.3500E+00
7.3250E+00
7.3000E+00
7.2750E+00
7.2500E+00
7.2250E+00
7.2000E+00
7.1750E+00
7.1500E+00
7.1250E+00
7.1000E+00
7.0750E+00
7.0500E+00
7.0250E+00
7.0000E+00
6.9750E+00
6.9500E+00
6.9250E+00
6.9000E+00
6.8750E+00
6.8500E+00
6.8250E+00
6.8000E+00
6.7750E+00
6.7500E+00
6.7250E+00
6.7000E+00
6.6750E+00
6.6500E+00
6.6250E+00
6.6000E+00
6.5750E+00
6.5500E+00
6.5250E+00
6.5000E+00
6.4750E+00
6.4500E+00
6.4250E+00
6.4000E+00
6.3750E+00
6.3500E+00
6.3250E+00
6.3000E+00
6.2750E+00
6.2500E+00
6.2250E+00
6.2000E+00
6.1750E+00
6.1500E+00
6.1250E+00
6.1000E+00
6.0750E+00
6.0500E+00
6.0250E+00
6.0000E+00
5.9750E+00
5.9500E+00
5.9250E+00
5.9000E+00
5.8750E+00
5.8500E+00
5.8250E+00
5.8000E+00
5.7750E+00
5.7500E+00
5.7250E+00
5.7000E+00
5.6750E+00
5.6500E+00
5.6250E+00
5.6000E+00
5.5750E+00
5.5500E+00
5.5250E+00
5.5000E+00
5.4750E+00
5.4500E+00
5.4250E+00
5.4000E+00
5.3750E+00
5.3500E+00
5.3250E+00
5.3000E+00
5.2750E+00
5.2500E+00
5.2250E+00
5.2000E+00
5.1750E+00
5.1500E+00
5.1250E+00
5.1000E+00
5.0750E+00
5.0500E+00
5.0250E+00
5.0000E+00
4.9750E+00
4.9500E+00
4.9250E+00
4.9000E+00
4.8750E+00
4.8500E+00
4.8250E+00
4.8000E+00
4.7750E+00
4.7500E+00
4.7250E+00
4.7000E+00
4.6750E+00
4.6500E+00
4.6250E+00
4.6000E+00
4.5750E+00
4.5500E+00
4.5250E+00
4.5000E+00
4.4750E+00
4.4500E+00
4.4250E+00
4.4000E+00
4.3750E+00
4.3500E+00
4.3250E+00
4.3000E+00
4.2750E+00
4.2500E+00
4.2250E+00
4.2000E+00
4.1750E+00
4.1500E+00
4.1250E+00
4.1000E+00
4.0750E+00
4.0500E+00
4.0250E+00
4.0000E+00
3.9750E+00
3.9500E+00
3.9250E+00
3.9000E+00
3.8750E+00
3.8500E+00
3.8250E+00
3.8000E+00
3.7750E+00
3.7500E+00
3.7250E+00
3.7000E+00
3.6750E+00
3.6500E+00
3.6250E+00
3.6000E+00
3.5750E+00
3.5500E+00
3.5250E+00
3.5000E+00
3.4750E+00
3.4500E+00
3.4250E+00
3.4000E+00
3.3750E+00
3.3500E+00
3.3250E+00
3.3000E+00
3.2750E+00
3.2500E+00
3.2250E+00
3.2000E+00
3.1750E+00
3.1500E+00
3.1250E+00
3.1000E+00
3.0750E+00
3.0500E+00
3.0250E+00
3.0000E+00
2.9750E+00
2.9500E+00
2.9250E+00
2.9000E+00
2.8750E+00
2.8500E+00
2.8250E+00
2.8000E+00
2.7750E+00
2.7500E+00
2.7250E+00
2.7000E+00
2.6750E+00
2.6500E+00
2.6250E+00
2.6000E+00
2.5750E+00
2.5500E+00
2.5250E+00
2.5000E+00
2.4750E+00
2.4500E+00
2.4250E+00
2.4000E+00
2.3750E+00
2.3500E+00
2.3250E+00
2.3000E+00
2.2750E+00
2.2500E+00
2.2250E+00
2.2000E+00
2.1750E+00
2.1500E+00
2.1250E+00
2.1000E+00
2.0750E+00
2.0500E+00
2.0250E+00
2.0000E+00
1.9750E+00
1.9500E+00
1.9250E+00
1.9000E+00
1.8750E+00
1.8500E+00
1.8250E+00
1.8000E+00
1.7750E+00
1.7500E+00
1.7250E+00
1.7000E+00
1.6750E+00
1.6500E+00
1.6250E+00
1.6000E+00
1.5750E+00
1.5500E+00
1.5250E+00
1.5000E+00
1.4750E+00
1.4500E+00
1.4250E+00
1.4000E+00
1.3750E+00
1.3500E+00
1.3250E+00
1.3000E+00
1.2750E+00
1.2500E+00
1.2250E+00
1.2000E+00
1.1750E+00
1.1500E+00
1.1250E+00
1.1000E+00
1.0750E+00
1.0500E+00
1.0250E+00
1.0000E+00
9.7500E-01
9.5000E-01
9.2500E-01
9.0000E-01
8.7500E-01
8.5000E-01
8.2500E-01
8.0000E-01
7.7500E-01
7.5000E-01
7.2500E-01
7.0000E-01
6.7500E-01
6.5000E-01
6.2500E-01
6.0000E-01
5.7500E-01
5.5000E-01
5.2481E-01
5.0119E-01
4.7863E-01
4.5709E-01
4.3652E-01
4.1687E-01
3.9811E-01
3.8019E-01
3.6308E-01
3.4674E-01
3.3113E-01
3.1623E-01
3.0200E-01
2.8840E-01
2.7542E-01
2.6303E-01
2.5119E-01
2.3988E-01
2.2909E-01
2.1878E-01
2.0893E-01
1.9953E-01
1.9055E-01
1.8197E-01
1.7378E-01
1.6596E-01
1.5849E-01
1.5136E-01
1.4454E-01
1.3804E-01
1.3183E-01
1.2589E-01
1.2023E-01
1.1482E-01
1.0965E-01
1.0471E-01
1.0000E-01
9.5499E-02
9.1201E-02
8.7096E-02
8.3176E-02
7.9433E-02
7.5858E-02
7.2444E-02
6.9183E-02
6.6069E-02
6.3096E-02
6.0256E-02
5.7544E-02
5.4954E-02
5.2481E-02
5.0119E-02
4.7863E-02
4.5709E-02
4.3652E-02
4.1687E-02
3.9811E-02
3.8019E-02
3.6308E-02
3.4674E-02
3.3113E-02
3.1623E-02
3.0200E-02
2.8840E-02
2.7542E-02
2.6303E-02
2.5119E-02
2.3988E-02
2.2909E-02
2.1878E-02
2.0893E-02
1.9953E-02
1.9055E-02
1.8197E-02
1.7378E-02
1.6596E-02
1.5849E-02
1.5136E-02
1.4454E-02
1.3804E-02
1.3183E-02
1.2589E-02
1.2023E-02
1.1482E-02
1.0965E-02
1.0471E-02
1.0000E-02
9.5499E-03
9.1201E-03
8.7096E-03
8.3176E-03
7.9433E-03
7.5858E-03
7.2444E-03
6.9183E-03
6.6069E-03
6.3096E-03
6.0256E-03
5.7544E-03
5.4954E-03
5.2481E-03
5.0119E-03
4.7863E-03
4.5709E-03
4.3652E-03
4.1687E-03
3.9811E-03
3.8019E-03
3.6308E-03
3.4674E-03
3.3113E-03
3.1623E-03
3.0200E-03
2.8840E-03
2.7542E-03
2.6303E-03
2.5119E-03
2.3988E-03
2.2909E-03
2.1878E-03
2.0893E-03
1.9953E-03
1.9055E-03
1.8197E-03
1.7378E-03
1.6596E-03
1.5849E-03
1.5136E-03
1.4454E-03
1.3804E-03
1.3183E-03
1.2589E-03
1.2023E-03
1.1482E-03
1.0965E-03
1.0471E-03
1.0000E-03
9.5499E-04
9.1201E-04
8.7096E-04
8.3176E-04
7.9433E-04
7.5858E-04
7.2444E-04
6.9183E-04
6.6069E-04
6.3096E-04
6.0256E-04
5.7544E-04
5.4954E-04
5.2481E-04
5.0119E-04
4.7863E-04
4.5709E-04
4.3652E-04
4.1687E-04
3.9811E-04
3.8019E-04
3.6308E-04
3.4674E-04
3.3113E-04
3.1623E-04
3.0200E-04
2.8840E-04
2.7542E-04
2.6303E-04
2.5119E-04
2.3988E-04
2.2909E-04
2.1878E-04
2.0893E-04
1.9953E-04
1.9055E-04
1.8197E-04
1.7378E-04
1.6596E-04
1.5849E-04
1.5136E-04
1.4454E-04
1.3804E-04
1.3183E-04
1.2589E-04
1.2023E-04
1.1482E-04
1.0965E-04
1.0471E-04
1.0000E-04
9.5499E-05
9.1201E-05
8.7096E-05
8.3176E-05
7.9433E-05
7.5858E-05
7.2444E-05
6.9183E-05
6.6069E-05
6.3096E-05
6.0256E-05
5.7544E-05
5.4954E-05
5.2481E-05
5.0119E-05
4.7863E-05
4.5709E-05
4.3652E-05
4.1687E-05
3.9811E-05
3.8019E-05
3.6308E-05
3.4674E-05
3.3113E-05
3.1623E-05
3.0200E-05
2.8840E-05
2.7542E-05
2.6303E-05
2.5119E-05
2.3988E-05
2.2909E-05
2.1878E-05
2.0893E-05
1.9953E-05
1.9055E-05
1.8197E-05
1.7378E-05
1.6596E-05
1.5849E-05
1.5136E-05
1.4454E-05
1.3804E-05
1.3183E-05
1.2589E-05
1.2023E-05
1.1482E-05
1.0965E-05
1.0471E-05
1.0001E-05
0.0000E+00
0.0000E+00
0.0000E+00
0.0000E+00
0.0000E+00
0.0000E+00
0.0000E+00
0.0000E+00
0.0000E+00
0.0000E+00
0.0000E+00
0.0000E+00
0.0000E+00
0.0000E+00
0.0000E+00
0.0000E+00
0.0000E+00
0.0000E+00
0.0000E+00
0.0000E+00
0.0000E+00
0.0000E+00
0.0000E+00
0.0000E+00
0.0000E+00
0.0000E+00
0.0000E+00
0.0000E+00
0.0000E+00
0.0000E+00
0.0000E+00
0.0000E+00
0.0000E+00
0.0000E+00
0.0000E+00
0.0000E+00
0.0000E+00
0.0000E+00
0.0000E+00
0.0000E+00
0.0000E+00
0.0000E+00
0.0000E+00
0.0000E+00
0.0000E+00
0.0000E+00
0.0000E+00
0.0000E+00
0.0000E+00
0.0000E+00
0.0000E+00
0.0000E+00
0.0000E+00
0.0000E+00
0.0000E+00
0.0000E+00
0.0000E+00
0.0000E+00
0.0000E+00
0.0000E+00
0.0000E+00
0.0000E+00
0.0000E+00
0.0000E+00
0.0000E+00
0.0000E+00
0.0000E+00
0.0000E+00
0.0000E+00
0.0000E+00
0.0000E+00
0.0000E+00
0.0000E+00
0.0000E+00
0.0000E+00
0.0000E+00
0.0000E+00
0.0000E+00
0.0000E+00
0.0000E+00
0.0000E+00
0.0000E+00
0.0000E+00
0.0000E+00
0.0000E+00
0.0000E+00
0.0000E+00
0.0000E+00
0.0000E+00
0.0000E+00
0.0000E+00
0.0000E+00
0.0000E+00
0.0000E+00
0.0000E+00
0.0000E+00
0.0000E+00
0.0000E+00
0.0000E+00
0.0000E+00
0.0000E+00
0.0000E+00
0.0000E+00
0.0000E+00
0.0000E+00
0.0000E+00
0.0000E+00
0.0000E+00
0.0000E+00
0.0000E+00
0.0000E+00
0.0000E+00
0.0000E+00
0.0000E+00
0.0000E+00
0.0000E+00
0.0000E+00
0.0000E+00
0.0000E+00
0.0000E+00
0.0000E+00
0.0000E+00
0.0000E+00
0.0000E+00
0.0000E+00
0.0000E+00
0.0000E+00
1.1526E-08
1.1643E-08
1.1762E-08
1.1884E-08
1.2009E-08
1.2136E-08
1.2266E-08
1.2398E-08
1.2534E-08
1.2672E-08
1.2814E-08
1.2959E-08
1.3107E-08
2.4602E-08
3.0767E-08
3.6889E-08
4.2572E-08
5.2854E-08
6.6265E-08
6.7088E-08
6.7932E-08
8.7943E-08
1.1624E-07
1.1776E-07
1.1932E-07
1.4743E-07
1.6799E-07
2.0890E-07
2.2477E-07
2.8840E-07
3.1060E-07
3.7633E-07
4.5732E-07
5.4172E-07
5.4999E-07
6.0164E-07
7.8495E-07
9.1434E-07
1.0246E-06
1.3319E-06
1.3543E-06
1.4328E-06
2.0232E-06
2.0590E-06
2.4061E-06
3.3407E-06
3.4032E-06
4.1164E-06
4.7005E-06
4.7936E-06
6.6872E-06
6.8251E-06
8.5271E-06
9.9406E-06
1.0881E-05
1.3412E-05
1.3857E-05
1.7943E-05
1.8376E-05
2.4686E-05
2.5713E-05
3.2839E-05
3.4447E-05
4.2858E-05
4.7161E-05
5.8783E-05
6.5463E-05
8.0809E-05
9.4622E-05
1.0240E-04
1.1256E-04
1.2914E-04
1.5035E-04
1.7585E-04
1.9572E-04
2.4883E-04
2.7821E-04
3.0541E-04
3.1928E-04
3.2773E-04
3.3797E-04
3.4771E-04
3.7228E-04
3.8026E-04
4.4362E-04
5.2758E-04
5.3159E-04
5.6546E-04
6.1228E-04
6.2607E-04
6.4141E-04
6.9161E-04
6.1404E-04
5.8181E-04
5.6239E-04
5.4350E-04
5.2865E-04
6.1650E-04
5.9259E-04
5.6819E-04
5.8969E-04
6.1318E-04
6.0604E-04
5.3951E-04
5.5538E-04
6.1585E-04
5.9825E-04
5.4166E-04
4.5804E-04
4.5730E-04
4.4699E-04
5.1484E-04
5.6782E-04
6.4253E-04
7.0726E-04
6.9983E-04
6.5598E-04
6.2177E-04
6.0232E-04
5.8572E-04
5.6943E-04
5.5301E-04
5.3643E-04
5.1940E-04
5.0144E-04
4.2670E-04
4.1418E-04
3.4733E-04
3.1657E-04
3.4719E-04
3.7635E-04
3.9372E-04
4.2768E-04
4.2870E-04
4.3272E-04
4.3274E-04
4.0364E-04
3.9186E-04
3.7321E-04
3.6974E-04
3.5640E-04
3.4335E-04
3.3505E-04
3.2692E-04
3.1807E-04
3.0964E-04
3.0150E-04
2.9408E-04
2.8709E-04
2.8056E-04
2.7447E-04
2.6883E-04
2.6224E-04
2.5639E-04
2.5115E-04
2.4531E-04
2.4057E-04
2.3545E-04
2.3047E-04
2.3009E-04
2.2379E-04
2.1890E-04
2.1892E-04
2.1309E-04
2.0691E-04
2.0492E-04
2.0491E-04
1.9705E-04
1.9455E-04
1.9280E-04
1.9286E-04
1.9285E-04
1.8729E-04
1.8393E-04
1.7884E-04
1.7885E-04
1.7628E-04
1.6987E-04
1.6992E-04
1.7002E-04
1.7018E-04
1.7014E-04
1.7014E-04
1.6575E-04
1.6393E-04
1.6147E-04
1.6160E-04
1.5920E-04
1.5763E-04
1.5695E-04
1.5477E-04
1.5386E-04
1.5457E-04
1.5014E-04
1.5002E-04
1.4969E-04
1.4880E-04
1.4874E-04
1.4871E-04
1.4875E-04
1.4867E-04
1.4519E-04
1.4427E-04
1.4432E-04
1.4455E-04
1.4423E-04
1.4352E-04
1.4249E-04
1.4196E-04
1.3993E-04
1.4003E-04
1.4001E-04
1.3898E-04
1.3897E-04
1.3823E-04
1.3642E-04
1.3641E-04
1.3779E-04
1.3881E-04
1.3877E-04
1.3570E-04
1.3516E-04
1.3513E-04
1.3488E-04
1.3489E-04
1.3463E-04
1.3422E-04
1.3422E-04
1.2812E-04
1.2559E-04
1.2562E-04
1.3857E-04
1.3861E-04
1.3680E-04
1.3200E-04
1.3201E-04
1.2782E-04
1.2447E-04
1.2441E-04
1.3412E-04
1.3581E-04
1.3484E-04
1.2975E-04
1.2981E-04
1.2950E-04
1.2926E-04
1.2933E-04
1.2809E-04
1.2759E-04
1.2762E-04
1.2789E-04
1.2809E-04
1.2776E-04
1.2761E-04
1.2782E-04
1.2680E-04
1.2635E-04
1.2643E-04
1.2628E-04
1.2604E-04
1.2548E-04
1.2150E-04
1.2151E-04
1.2399E-04
1.2733E-04
1.2735E-04
1.2131E-04
1.1887E-04
1.1886E-04
1.2643E-04
1.2649E-04
1.2464E-04
1.2000E-04
1.1998E-04
1.2222E-04
1.2393E-04
1.2390E-04
1.2131E-04
1.2090E-04
1.2100E-04
1.2188E-04
1.2185E-04
1.2185E-04
1.2189E-04
1.2183E-04
1.1829E-04
1.1692E-04
1.1685E-04
1.1779E-04
1.1787E-04
1.1738E-04
1.1592E-04
1.1598E-04
1.1455E-04
1.1336E-04
1.1504E-04
1.1673E-04
1.1668E-04
1.1575E-04
1.1569E-04
1.1562E-04
1.1627E-04
1.1632E-04
1.1636E-04
1.1266E-04
1.1085E-04
1.1095E-04
1.1069E-04
1.0985E-04
1.0968E-04
1.0975E-04
1.0974E-04
1.0908E-04
1.0857E-04
1.0855E-04
1.0857E-04
1.0677E-04
1.0659E-04
1.0658E-04
1.0655E-04
1.0658E-04
1.0657E-04
1.0658E-04
1.0656E-04
1.0657E-04
1.0644E-04
9.7866E-05
9.7863E-05
9.7892E-05
9.7862E-05
9.7886E-05
9.7867E-05
9.7866E-05
9.7901E-05
9.7852E-05
9.7855E-05
9.7932E-05
9.6972E-05
9.0575E-05
9.0633E-05
9.0657E-05
9.0565E-05
9.0613E-05
9.0650E-05
9.0586E-05
9.0616E-05
9.0661E-05
9.0619E-05
9.0603E-05
9.1634E-05
9.5468E-05
9.5623E-05
9.5432E-05
9.5468E-05
9.5622E-05
9.5409E-05
9.5490E-05
9.5555E-05
9.5610E-05
9.5456E-05
5.3909E-06
5.4161E-06
5.4379E-06
5.4571E-06
5.4749E-06
5.4979E-06
5.5141E-06
5.5259E-06
5.5371E-06
5.5479E-06
5.5599E-06
5.5711E-06
5.5839E-06
5.5961E-06
5.6089E-06
5.6209E-06
5.6331E-06
5.6409E-06
5.6501E-06
5.6549E-06
5.6559E-06
5.6521E-06
5.6429E-06
5.6281E-06
5.6089E-06
5.5889E-06
5.5701E-06
5.5579E-06
5.5541E-06
5.5619E-06
5.5789E-06
5.6041E-06
5.6309E-06
5.6561E-06
5.6749E-06
5.6849E-06
5.6841E-06
5.6709E-06
5.6431E-06
5.5979E-06
5.5319E-06
5.4431E-06
5.3279E-06
5.1901E-06
5.0359E-06
4.8799E-06
4.7391E-06
4.6299E-06
4.5681E-06
4.5619E-06
4.6149E-06
4.7201E-06
4.8679E-06
5.0421E-06
5.2259E-06
5.4029E-06
5.5641E-06
5.7029E-06
5.8191E-06
5.9149E-06
5.9929E-06
6.0571E-06
6.1079E-06
6.1491E-06
6.1819E-06
6.2069E-06
6.2251E-06
6.2369E-06
6.2411E-06
6.2369E-06
6.2259E-06
6.2081E-06
6.1849E-06
6.1571E-06
6.1279E-06
6.0999E-06
6.0771E-06
6.0619E-06
6.0531E-06
6.0509E-06
6.0500E-06
6.0470E-06
6.0369E-06
6.0190E-06
5.9950E-06
5.9760E-06
5.9700E-06
5.9959E-06
6.0200E-06
6.0930E-06
6.1730E-06
6.2560E-06
6.3339E-06
6.4000E-06
6.4530E-06
6.4920E-06
6.5190E-06
6.5359E-06
6.5450E-06
6.5470E-06
6.5430E-06
6.5330E-06
6.5189E-06
6.4990E-06
6.4730E-06
6.4420E-06
6.4020E-06
6.3539E-06
6.2940E-06
6.2200E-06
6.1270E-06
6.0130E-06
5.8769E-06
5.7200E-06
5.5490E-06
5.3700E-06
5.1860E-06
4.9949E-06
4.7870E-06
4.5490E-06
4.2600E-06
3.8990E-06
3.4349E-06
2.8250E-06
2.1090E-06
1.3880E-06
8.2220E-07
4.5589E-07
2.6330E-07
1.6340E-07
1.1190E-07
8.5910E-08
7.4569E-08
7.3380E-08
8.1870E-08
1.0330E-07
1.4640E-07
2.3030E-07
3.9270E-07
6.9430E-07
1.2140E-06
1.8770E-06
2.5230E-06
3.0800E-06
3.4790E-06
3.8240E-06
4.1580E-06
4.4919E-06
4.8150E-06
5.1100E-06
5.3690E-06
5.5900E-06
5.7779E-06
5.9370E-06
6.0740E-06
6.1890E-06
6.2830E-06
6.3549E-06
6.4080E-06
6.4470E-06
6.4670E-06
6.4890E-06
6.5169E-06
6.5580E-06
6.6160E-06
6.6970E-06
6.7830E-06
6.8809E-06
6.9770E-06
7.0660E-06
7.1440E-06
7.1950E-06
7.2309E-06
7.2440E-06
7.2270E-06
7.1620E-06
7.0230E-06
6.7669E-06
6.4020E-06
5.9820E-06
5.6040E-06
5.3660E-06
5.3269E-06
5.4890E-06
5.8220E-06
6.2480E-06
6.6790E-06
7.0539E-06
7.3340E-06
7.5280E-06
7.6450E-06
7.7150E-06
7.7689E-06
7.8640E-06
8.0260E-06
8.2500E-06
8.5080E-06
8.7469E-06
8.9470E-06
9.0930E-06
9.1890E-06
9.2370E-06
9.2409E-06
9.2130E-06
9.1790E-06
9.1770E-06
9.2330E-06
9.3559E-06
9.5230E-06
9.7020E-06
9.8650E-06
1.0000E-05
1.0110E-05
1.0200E-05
1.0280E-05
1.0350E-05
1.0430E-05
1.0480E-05
1.0540E-05
1.0590E-05
1.0620E-05
1.0640E-05
1.0640E-05
1.0650E-05
1.0670E-05
1.0710E-05
1.0780E-05
1.0870E-05
1.0990E-05
1.1120E-05
1.1270E-05
1.1420E-05
1.1570E-05
1.1700E-05
1.1840E-05
1.1980E-05
1.2140E-05
1.2360E-05
1.2650E-05
1.3100E-05
1.3210E-05
1.2950E-05
1.2630E-05
1.2690E-05
1.2860E-05
1.3000E-05
1.3100E-05
1.3220E-05
1.3360E-05
1.3460E-05
1.3510E-05
1.3530E-05
1.3520E-05
1.3460E-05
1.3440E-05
1.3470E-05
1.3610E-05
1.3770E-05
1.3990E-05
1.4190E-05
1.4390E-05
1.4530E-05
1.4670E-05
1.4820E-05
1.4890E-05
1.5000E-05
1.5120E-05
1.5220E-05
1.5270E-05
1.5330E-05
1.5390E-05
1.5430E-05
1.5440E-05
1.5490E-05
1.5570E-05
1.5700E-05
1.5850E-05
1.6060E-05
1.6300E-05
1.6470E-05
1.6680E-05
1.6860E-05
1.7080E-05
1.7230E-05
1.7420E-05
1.7630E-05
1.7810E-05
1.7980E-05
1.8170E-05
1.8320E-05
1.8460E-05
1.8590E-05
1.8700E-05
1.8870E-05
1.9150E-05
1.9390E-05
1.9720E-05
1.9880E-05
2.0080E-05
2.0360E-05
2.0500E-05
2.0730E-05
2.0940E-05
2.1200E-05
2.1430E-05
2.1720E-05
2.1910E-05
2.2230E-05
2.2450E-05
2.2720E-05
2.2960E-05
2.3250E-05
2.3540E-05
2.3740E-05
2.3990E-05
2.4220E-05
2.4330E-05
2.4470E-05
2.4660E-05
2.5060E-05
2.5520E-05
2.6020E-05
2.6490E-05
2.6930E-05
2.7310E-05
2.7740E-05
2.8100E-05
2.8600E-05
2.8940E-05
2.9370E-05
2.9800E-05
3.0230E-05
3.0780E-05
3.1190E-05
3.1690E-05
3.2200E-05
3.2680E-05
3.3270E-05
3.3670E-05
3.4170E-05
3.4660E-05
3.5200E-05
3.5870E-05
3.6420E-05
3.6880E-05
3.7350E-05
3.7740E-05
3.8230E-05
3.8570E-05
3.8850E-05
3.9180E-05
3.9340E-05
3.9300E-05
3.8640E-05
3.6470E-05
3.1440E-05
2.4300E-05
2.0130E-05
2.1730E-05
2.9180E-05
3.8310E-05
4.4410E-05
4.8380E-05
5.1020E-05
5.3440E-05
5.5950E-05
5.8080E-05
6.0760E-05
6.3140E-05
6.5510E-05
6.8230E-05
7.1300E-05
7.4450E-05
7.7660E-05
8.0620E-05
8.4200E-05
8.8590E-05
9.2990E-05
9.8277E-05
9.6368E-05
9.6604E-05
9.6796E-05
9.6566E-05
9.6056E-05
9.5281E-05
9.3629E-05
9.1291E-05
8.9302E-05
8.5405E-05
8.2935E-05
8.1280E-05
8.3653E-05
8.3993E-05
9.5609E-05
9.6070E-05
1.1223E-04
1.1397E-04
1.2591E-04
1.3361E-04
1.3417E-04
1.4652E-04
1.5368E-04
1.5947E-04
1.6439E-04
1.6855E-04
1.7274E-04
1.7645E-04
1.7783E-04
1.7994E-04
1.8091E-04
1.8081E-04
1.7980E-04
1.7960E-04
1.7601E-04
1.7572E-04
1.6934E-04
1.6932E-04
1.6261E-04
1.5988E-04
1.5783E-04
1.4678E-04
1.4677E-04
1.4250E-04
1.2993E-04
1.2990E-04
1.2993E-04
1.1136E-04
1.0947E-04
1.0946E-04
1.0947E-04
9.3169E-05
9.2261E-05
8.3920E-05
7.9658E-05
7.8303E-05
6.6707E-05
6.6693E-05
6.4061E-05
5.3759E-05
5.3732E-05
5.3734E-05
4.2923E-05
4.1070E-05
4.1050E-05
4.1076E-05
3.0383E-05
2.9123E-05
2.9138E-05
2.9150E-05
2.8584E-05
1.8456E-05
1.8465E-05
1.8457E-05
1.8454E-05
1.8459E-05
1.8449E-05
1.1371E-05
9.6221E-06
9.6258E-06
9.6413E-06
9.6198E-06
9.6280E-06
9.6345E-06
9.6401E-06
9.6245E-06
3.3241E-06
3.3238E-06
3.3242E-06
3.3240E-06
3.3234E-06
3.3238E-06
3.3237E-06
3.3244E-06
3.3242E-06
3.3232E-06
3.3242E-06
3.3240E-06
3.3240E-06
3.3235E-06
3.3239E-06
5.5020E-07
3.9915E-07
3.9913E-07
3.9925E-07
3.9913E-07
3.9923E-07
3.9915E-07
3.9915E-07
3.9929E-07
3.9909E-07
3.9911E-07
3.9942E-07
3.9918E-07
3.9899E-07
3.9924E-07
3.9935E-07
3.9894E-07
3.9915E-07
3.9932E-07
3.9904E-07
3.9917E-07
3.9937E-07
3.9918E-07
3.9911E-07
3.9921E-07
3.9900E-07
3.9964E-07
3.9885E-07
3.9900E-07
3.9964E-07
3.9875E-07
3.9909E-07
3.9936E-07
3.9959E-07
3.9808E-07
0.0000E+00
0.0000E+00
0.0000E+00
0.0000E+00
0.0000E+00
0.0000E+00
0.0000E+00
0.0000E+00
0.0000E+00
0.0000E+00
0.0000E+00
0.0000E+00
0.0000E+00
0.0000E+00
0.0000E+00
0.0000E+00
0.0000E+00
0.0000E+00
0.0000E+00
0.0000E+00
0.0000E+00
0.0000E+00
0.0000E+00
0.0000E+00
0.0000E+00
0.0000E+00
0.0000E+00
0.0000E+00
0.0000E+00
0.0000E+00
0.0000E+00
0.0000E+00
0.0000E+00
0.0000E+00
0.0000E+00
0.0000E+00
0.0000E+00
0.0000E+00
0.0000E+00
0.0000E+00
0.0000E+00
0.0000E+00
0.0000E+00
0.0000E+00
0.0000E+00
0.0000E+00
0.0000E+00
0.0000E+00
0.0000E+00
0.0000E+00
0.0000E+00
0.0000E+00
0.0000E+00
0.0000E+00
0.0000E+00
0.0000E+00
0.0000E+00
0.0000E+00
0.0000E+00
0.0000E+00
0.0000E+00
0.0000E+00
0.0000E+00
0.0000E+00
0.0000E+00
0.0000E+00
0.0000E+00
0.0000E+00
0.0000E+00
0.0000E+00
0.0000E+00
0.0000E+00
0.0000E+00
0.0000E+00
0.0000E+00
0.0000E+00
0.0000E+00
0.0000E+00
0.0000E+00
0.0000E+00
0.0000E+00
0.0000E+00
0.0000E+00
0.0000E+00
0.0000E+00
0.0000E+00
0.0000E+00
0.0000E+00
0.0000E+00
0.0000E+00
0.0000E+00
0.0000E+00
0.0000E+00
0.0000E+00
0.0000E+00
0.0000E+00
0.0000E+00
0.0000E+00
0.0000E+00
0.0000E+00
