1.9640E+07
1.7333E+07
1.4918E+07
1.3840E+07
1.1618E+07
1.0000E+07
8.1873E+06
6.7032E+06
6.0653E+06
5.4881E+06
4.4933E+06
3.6788E+06
3.0119E+06
2.4660E+06
2.2313E+06
2.0190E+06
1.6530E+06
1.3534E+06
1.2246E+06
1.1080E+06
1.0026E+06
9.0718E+05
8.2085E+05
6.0810E+05
5.5023E+05
4.9787E+05
4.5049E+05
4.0762E+05
3.0197E+05
2.7324E+05
2.4724E+05
1.8316E+05
1.2277E+05
1.1109E+05
8.2297E+04
6.7379E+04
5.5166E+04
4.0868E+04
3.6979E+04
2.9283E+04
2.7394E+04
2.4788E+04
1.6616E+04
1.5034E+04
1.1138E+04
9.1188E+03
7.4659E+03
5.5308E+03
5.0045E+03
3.5266E+03
3.3546E+03
2.2487E+03
2.0347E+03
1.5073E+03
1.4338E+03
1.2341E+03
1.0104E+03
9.1424E+02
7.4852E+02
6.7729E+02
4.5400E+02
3.7170E+02
3.0432E+02
2.0399E+02
1.4863E+02
1.3674E+02
9.1661E+01
7.5674E+01
6.7904E+01
5.5595E+01
5.1578E+01
4.8252E+01
4.5517E+01
4.0169E+01
3.7267E+01
3.3720E+01
3.0511E+01
2.7608E+01
2.4980E+01
2.2603E+01
1.9455E+01
1.5928E+01
1.3710E+01
1.1224E+01
9.9056E+00
9.1898E+00
8.3153E+00
7.5240E+00
6.1601E+00
5.3464E+00
5.0435E+00
4.1293E+00
4.0000E+00
3.3807E+00
3.3000E+00
2.7679E+00
2.7200E+00
2.6000E+00
2.5500E+00
2.3600E+00
2.1300E+00
2.1000E+00
2.0200E+00
1.9300E+00
1.8400E+00
1.7550E+00
1.6700E+00
1.5900E+00
1.5000E+00
1.4750E+00
1.4400E+00
1.3700E+00
1.3375E+00
1.3000E+00
1.2350E+00
1.1700E+00
1.1500E+00
1.1230E+00
1.1100E+00
1.0970E+00
1.0710E+00
1.0450E+00
1.0350E+00
1.0200E+00
9.9600E-01
9.8600E-01
9.7200E-01
9.5000E-01
9.3000E-01
9.1000E-01
8.6000E-01
8.5000E-01
7.9000E-01
7.8000E-01
7.0500E-01
6.2500E-01
5.4000E-01
5.0000E-01
4.8500E-01
4.3300E-01
4.0000E-01
3.9100E-01
3.5000E-01
3.2000E-01
3.1450E-01
3.0000E-01
2.8000E-01
2.4800E-01
2.2000E-01
1.8900E-01
1.8000E-01
1.6000E-01
1.4000E-01
1.3400E-01
1.1500E-01
1.0000E-01
9.5000E-02
8.0000E-02
7.7000E-02
6.7000E-02
5.8000E-02
5.0000E-02
4.2000E-02
3.5000E-02
3.0000E-02
2.5000E-02
2.0000E-02
1.5000E-02
1.0000E-02
6.9000E-03
5.0000E-03
3.0000E-03
1.0000E-03

6.6916E-06
1.5930E-05
1.0278E-05
4.9583E-05
1.1865E-04
4.4932E-04
1.1509E-03
1.0233E-03
1.3668E-03
4.3450E-03
6.2777E-03
8.9414E-03
1.2983E-02
7.8716E-03
7.3546E-03
1.6075E-02
1.8869E-02
9.6460E-03
1.0830E-02
8.7370E-03
8.6765E-03
1.2679E-02
5.9354E-02
2.0820E-02
2.2604E-02
1.9196E-02
1.1942E-02
5.9428E-02
2.1465E-02
2.4117E-02
6.6600E-02
9.9250E-02
2.3013E-02
5.5682E-02
4.2858E-02
3.7873E-02
5.2680E-02
1.5020E-02
2.4404E-02
3.0927E-03
1.9771E-02
4.3238E-02
6.9037E-03
2.8554E-02
1.6334E-02
9.9194E-03
1.5689E-02
5.0276E-03
9.8235E-03
1.0352E-03
8.0593E-03
3.0671E-03
1.0712E-02
1.8188E-03
4.5980E-03
4.7832E-03
2.1305E-03
3.3856E-03
1.4445E-03
3.3809E-03
1.1162E-03
7.1226E-04
8.7168E-04
3.7131E-04
7.6017E-05
1.5291E-04
3.5405E-05
1.2587E-05
9.4876E-06
2.6135E-06
1.8039E-06
1.3416E-06
1.4864E-06
5.5203E-07
4.0242E-07
4.4897E-07
5.2181E-07
6.9533E-07
6.8661E-07
2.8834E-07
4.7287E-07
3.3985E-07
7.8695E-07
4.6730E-07
7.8391E-07
1.1686E-06
5.9794E-07
4.0174E-07
1.0388E-06
5.3492E-07
1.8093E-06
4.5305E-07
2.4485E-06
6.3356E-07
2.3720E-06
2.0380E-07
2.9716E-07
2.4077E-07
6.8430E-07
8.4857E-07
1.2475E-07
2.8831E-07
3.0207E-07
2.7637E-07
2.5283E-07
2.1512E-07
1.7903E-07
1.6596E-07
3.9129E-08
4.8623E-08
7.3567E-08
2.4991E-08
2.1283E-08
2.2296E-08
9.9792E-09
1.2369E-09
7.8823E-10
1.5931E-10
9.2887E-11
8.9650E-11
5.0372E-11
1.8049E-11
3.0414E-11
9.3776E-11
1.2764E-10
2.6496E-10
6.7639E-10
9.1311E-10
1.1903E-09
4.0771E-09
1.0007E-09
7.4217E-09
1.4615E-09
1.2589E-08
1.5295E-08
1.5206E-08
6.3913E-09
2.1452E-09
6.0147E-09
2.5561E-09
5.2676E-10
1.5831E-09
5.7392E-10
7.7623E-11
1.8322E-10
2.3127E-10
4.6483E-10
6.3034E-10
1.0365E-09
3.6728E-10
9.1051E-10
1.0061E-09
3.1074E-10
9.7179E-10
7.2700E-10
2.3550E-10
7.0990E-10
1.4459E-10
4.8869E-10
4.4278E-10
3.8838E-10
3.7584E-10
3.1236E-10
2.1031E-10
1.9702E-10
1.8112E-10
1.6198E-10
1.3856E-10
7.1110E-11
3.6657E-11
3.1715E-11
3.0186E-11
1.00
SUPERPHENIX MOY. XMAS TOT=1.2E+15
